                                                                                
                                                                                
                                                                                
                                                                                
                                [38;2;0;51;204m.           .                                   
                                  [38;2;0;76;178m:[38;2;0;229;25m%[38;2;0;255;0m@@@@@@@@@@[38;2;0;178;76m*[38;2;0;51;204m. .                              
                         .   [38;2;0;204;51m#[38;2;0;255;0m@[38;2;0;204;51m#[38;2;0;102;153m--[38;2;0;76;178m:         [38;2;0;51;204m.  [38;2;0;76;178m::[38;2;0;127;127m=[38;2;0;255;0m@@                            
                          [38;2;0;51;204m.[38;2;0;255;0m@[38;2;0;102;153m-[38;2;0;127;127m= [38;2;0;51;204m.                   [38;2;0;76;178m:[38;2;0;102;153m-[38;2;0;255;0m@[38;2;0;178;76m*                         
                      [38;2;0;51;204m. [38;2;0;178;76m*[38;2;0;255;0m@[38;2;0;102;153m-[38;2;0;127;127m=[38;2;0;51;204m.                      ..[38;2;0;153;102m+++[38;2;0;178;76m*[38;2;0;51;204m.                      
                       [38;2;0;76;178m:[38;2;0;127;127m=   [38;2;0;153;102m+                       [38;2;0;127;127m=[38;2;0;51;204m.  [38;2;0;102;153m-[38;2;0;255;0m@                      
                      [38;2;0;204;51m#[38;2;0;153;102m+     [38;2;0;127;127m=[38;2;0;76;178m:                    [38;2;0;153;102m+     [38;2;0;76;178m:[38;2;0;255;0m@                     
                      @[38;2;0;76;178m:[38;2;0;51;204m.      ..              . [38;2;0;102;153m-   [38;2;0;51;204m.    [38;2;0;102;153m-[38;2;0;255;0m@         [38;2;0;51;204m.          
                     [38;2;0;178;76m*[38;2;0;153;102m+      [38;2;0;51;204m.  [38;2;0;178;76m*               [38;2;0;153;102m+  [38;2;0;51;204m.      .[38;2;0;255;0m@    [38;2;0;51;204m.               
         [38;2;0;255;0m@[38;2;0;127;127m=[38;2;0;51;204m.   [38;2;0;204;51m#[38;2;0;255;0m@    [38;2;0;178;76m*[38;2;0;153;102m+[38;2;0;51;204m.    . . [38;2;0;127;127m= [38;2;0;51;204m. .       ..  [38;2;0;127;127m= [38;2;0;51;204m. [38;2;0;76;178m:[38;2;0;178;76m* [38;2;0;51;204m.. .[38;2;0;255;0m@   [38;2;0;51;204m.[38;2;0;229;25m%[38;2;0;255;0m@[38;2;0;76;178m:[38;2;0;51;204m.   [38;2;0;204;51m#[38;2;0;51;204m. .     
        [38;2;0;229;25m%[38;2;0;204;51m#[38;2;0;127;127m=    =[38;2;0;255;0m@    [38;2;0;153;102m+[38;2;0;229;25m%[38;2;0;102;153m-   [38;2;0;51;204m.    [38;2;0;127;127m=[38;2;0;51;204m..   .       ..[38;2;0;153;102m+    [38;2;0;51;204m. . .[38;2;0;76;178m:[38;2;0;255;0m@[38;2;0;51;204m.  .[38;2;0;255;0m@[38;2;0;102;153m-[38;2;0;51;204m. . .[38;2;0;255;0m@@       
        [38;2;0;127;127m=[38;2;0;255;0m@[38;2;0;102;153m-[38;2;0;204;51m#[38;2;0;255;0m@[38;2;0;76;178m::[38;2;0;127;127m=[38;2;0;102;153m-[38;2;0;255;0m@ [38;2;0;51;204m. .[38;2;0;255;0m@[38;2;0;76;178m::  [38;2;0;204;51m#[38;2;0;255;0m@@@@@@@@@@[38;2;0;204;51m#[38;2;0;76;178m:[38;2;0;127;127m=[38;2;0;51;204m.[38;2;0;153;102m+[38;2;0;255;0m@@@@[38;2;0;229;25m%[38;2;0;255;0m@@@@@@[38;2;0;51;204m..[38;2;0;76;178m:[38;2;0;102;153m-[38;2;0;127;127m=[38;2;0;255;0m@ [38;2;0;51;204m.  [38;2;0;102;153m-[38;2;0;255;0m@[38;2;0;102;153m-[38;2;0;51;204m.[38;2;0;229;25m%[38;2;0;255;0m@[38;2;0;76;178m:[38;2;0;255;0m@[38;2;0;127;127m=       
         [38;2;0;76;178m::  [38;2;0;178;76m*  [38;2;0;51;204m..[38;2;0;204;51m#[38;2;0;178;76m*[38;2;0;255;0m@[38;2;0;76;178m:[38;2;0;255;0m@[38;2;0;102;153m-[38;2;0;204;51m#[38;2;0;51;204m.[38;2;0;255;0m@@@@@@@@@@@@@   @@@@@@@@@@@@@ [38;2;0;204;51m#[38;2;0;102;153m-[38;2;0;255;0m@[38;2;0;76;178m:[38;2;0;255;0m@[38;2;0;127;127m=[38;2;0;255;0m@[38;2;0;127;127m=[38;2;0;51;204m.  ..[38;2;0;204;51m#[38;2;0;76;178m::        
         [38;2;0;51;204m.[38;2;0;102;153m-[38;2;0;255;0m@[38;2;0;102;153m- [38;2;0;51;204m.[38;2;0;76;178m::[38;2;0;51;204m. .[38;2;0;76;178m:[38;2;0;51;204m.[38;2;0;127;127m=[38;2;0;255;0m@[38;2;0;178;76m*[38;2;0;102;153m-[38;2;0;255;0m@@@@@@@@@@@@[38;2;0;229;25m%[38;2;0;51;204m. [38;2;0;102;153m-[38;2;0;178;76m*[38;2;0;255;0m@@@@@@@@@@@@[38;2;0;51;204m.[38;2;0;229;25m%[38;2;0;102;153m-[38;2;0;255;0m@[38;2;0;51;204m.    [38;2;0;76;178m:[38;2;0;51;204m.  [38;2;0;102;153m-[38;2;0;178;76m*[38;2;0;255;0m@         
         [38;2;0;51;204m.[38;2;0;178;76m*[38;2;0;204;51m#[38;2;0;229;25m%[38;2;0;51;204m.[38;2;0;204;51m#[38;2;0;255;0m@@@@@@[38;2;0;229;25m%[38;2;0;76;178m:[38;2;0;255;0m@@ @@@@@@@@@@@@[38;2;0;102;153m-[38;2;0;51;204m.[38;2;0;255;0m@@[38;2;0;153;102m+[38;2;0;102;153m-[38;2;0;255;0m@@@@@@@@@@@[38;2;0;76;178m:[38;2;0;255;0m@@[38;2;0;178;76m*[38;2;0;127;127m=[38;2;0;255;0m@[38;2;0;178;76m*[38;2;0;255;0m@@@@@[38;2;0;153;102m+[38;2;0;204;51m#[38;2;0;102;153m-[38;2;0;255;0m@[38;2;0;51;204m.        
          .[38;2;0;102;153m-[38;2;0;255;0m@[38;2;0;178;76m*[38;2;0;102;153m-[38;2;0;178;76m*[38;2;0;255;0m@@@@@[38;2;0;178;76m*[38;2;0;76;178m:[38;2;0;255;0m@  [38;2;0;204;51m#[38;2;0;255;0m@@@@@@@@[38;2;0;153;102m+[38;2;0;204;51m# [38;2;0;51;204m.[38;2;0;255;0m@@@[38;2;0;204;51m#[38;2;0;51;204m.[38;2;0;178;76m*[38;2;0;229;25m%[38;2;0;204;51m#[38;2;0;255;0m@@@@@@@@  @[38;2;0;229;25m%[38;2;0;76;178m:[38;2;0;255;0m@@@@@[38;2;0;204;51m#[38;2;0;127;127m==[38;2;0;255;0m@@[38;2;0;51;204m.         
            .[38;2;0;76;178m::::[38;2;0;51;204m....[38;2;0;76;178m:[38;2;0;153;102m+[38;2;0;229;25m%[38;2;0;51;204m.[38;2;0;76;178m:[38;2;0;51;204m. [38;2;0;76;178m:[38;2;0;204;51m#[38;2;0;178;76m*[38;2;0;102;153m-[38;2;0;51;204m. [38;2;0;229;25m%[38;2;0;76;178m: [38;2;0;102;153m-[38;2;0;255;0m@@@@@[38;2;0;178;76m*  *[38;2;0;127;127m=[38;2;0;51;204m.[38;2;0;76;178m:[38;2;0;153;102m+[38;2;0;178;76m*[38;2;0;102;153m- [38;2;0;51;204m..[38;2;0;76;178m:[38;2;0;51;204m.[38;2;0;255;0m@[38;2;0;51;204m.[38;2;0;76;178m:[38;2;0;51;204m.  .[38;2;0;76;178m::::[38;2;0;51;204m.          
                      [38;2;0;76;178m:[38;2;0;178;76m*[38;2;0;127;127m=[38;2;0;255;0m@[38;2;0;76;178m:[38;2;0;127;127m=[38;2;0;51;204m.....  ..[38;2;0;229;25m%[38;2;0;255;0m@@@@@@[38;2;0;51;204m.  .  ....[38;2;0;76;178m:[38;2;0;127;127m=[38;2;0;76;178m:[38;2;0;255;0m@[38;2;0;76;178m: [38;2;0;51;204m.                   
                       .[38;2;0;76;178m:[38;2;0;255;0m@@@@@@@[38;2;0;153;102m+[38;2;0;102;153m- [38;2;0;76;178m: [38;2;0;255;0m@@[38;2;0;153;102m+[38;2;0;76;178m:[38;2;0;127;127m=[38;2;0;229;25m%[38;2;0;255;0m@[38;2;0;51;204m.  [38;2;0;153;102m++[38;2;0;255;0m@@@@@[38;2;0;229;25m%[38;2;0;255;0m@[38;2;0;76;178m:: [38;2;0;51;204m.                    
                       .[38;2;0;255;0m@@[38;2;0;127;127m=[38;2;0;102;153m-[38;2;0;255;0m@@@[38;2;0;229;25m%[38;2;0;178;76m**[38;2;0;255;0m@[38;2;0;51;204m.[38;2;0;102;153m-[38;2;0;127;127m= [38;2;0;153;102m+ + [38;2;0;51;204m.[38;2;0;102;153m-[38;2;0;51;204m.[38;2;0;255;0m@[38;2;0;178;76m**[38;2;0;255;0m@[38;2;0;102;153m-[38;2;0;255;0m@@[38;2;0;153;102m+[38;2;0;76;178m:[38;2;0;255;0m@@[38;2;0;102;153m- [38;2;0;51;204m.                    
            [38;2;0;178;76m*[38;2;0;127;127m=[38;2;0;51;204m.[38;2;0;204;51m#[38;2;0;229;25m%[38;2;0;153;102m+[38;2;0;255;0m@@[38;2;0;178;76m*[38;2;0;102;153m- [38;2;0;51;204m..[38;2;0;102;153m-[38;2;0;51;204m.[38;2;0;229;25m%[38;2;0;76;178m:[38;2;0;255;0m@[38;2;0;178;76m*[38;2;0;255;0m@[38;2;0;102;153m-[38;2;0;127;127m=      [38;2;0;51;204m.. .   [38;2;0;76;178m:[38;2;0;102;153m-[38;2;0;255;0m@@[38;2;0;204;51m#[38;2;0;102;153m-[38;2;0;51;204m.[38;2;0;204;51m#[38;2;0;76;178m:[38;2;0;51;204m..  [38;2;0;204;51m#[38;2;0;255;0m@@[38;2;0;204;51m#[38;2;0;229;25m%[38;2;0;255;0m@[38;2;0;127;127m=[38;2;0;76;178m:[38;2;0;178;76m**          
        [38;2;0;51;204m.  [38;2;0;255;0m@[38;2;0;178;76m*[38;2;0;51;204m.[38;2;0;76;178m:[38;2;0;153;102m+[38;2;0;102;153m-  [38;2;0;51;204m.[38;2;0;178;76m* [38;2;0;127;127m=[38;2;0;255;0m@@@[38;2;0;229;25m%%[38;2;0;51;204m.[38;2;0;255;0m@[38;2;0;204;51m#[38;2;0;229;25m%[38;2;0;204;51m#   [38;2;0;51;204m.[38;2;0;76;178m:  [38;2;0;51;204m.[38;2;0;127;127m= [38;2;0;102;153m- [38;2;0;76;178m: [38;2;0;102;153m-[38;2;0;178;76m*[38;2;0;204;51m#[38;2;0;255;0m@[38;2;0;127;127m=[38;2;0;76;178m:[38;2;0;255;0m@[38;2;0;127;127m=[38;2;0;255;0m@@@[38;2;0;229;25m%[38;2;0;76;178m:[38;2;0;153;102m+[38;2;0;51;204m.  [38;2;0;102;153m-[38;2;0;229;25m%[38;2;0;51;204m..[38;2;0;153;102m+[38;2;0;127;127m=[38;2;0;153;102m+         
           +[38;2;0;178;76m**[38;2;0;51;204m. . .[38;2;0;255;0m@@[38;2;0;229;25m%[38;2;0;51;204m.[38;2;0;153;102m+[38;2;0;255;0m@[38;2;0;76;178m: [38;2;0;255;0m@ [38;2;0;178;76m**[38;2;0;255;0m@[38;2;0;204;51m# [38;2;0;51;204m.[38;2;0;229;25m%[38;2;0;255;0m@ @[38;2;0;51;204m.[38;2;0;204;51m#[38;2;0;51;204m..[38;2;0;178;76m*[38;2;0;255;0m@ [38;2;0;153;102m++[38;2;0;204;51m#[38;2;0;255;0m@[38;2;0;229;25m%[38;2;0;255;0m@[38;2;0;51;204m.[38;2;0;204;51m#[38;2;0;153;102m+[38;2;0;76;178m:[38;2;0;255;0m@[38;2;0;229;25m%[38;2;0;76;178m:[38;2;0;153;102m+[38;2;0;255;0m@[38;2;0;204;51m#[38;2;0;178;76m*    **[38;2;0;255;0m@[38;2;0;51;204m.         
         ..[38;2;0;204;51m#[38;2;0;51;204m.. .[38;2;0;204;51m#[38;2;0;255;0m@@ @@[38;2;0;102;153m-[38;2;0;76;178m:[38;2;0;51;204m. [38;2;0;204;51m##[38;2;0;51;204m..[38;2;0;178;76m*[38;2;0;204;51m#[38;2;0;255;0m@[38;2;0;102;153m-[38;2;0;76;178m:[38;2;0;255;0m@@[38;2;0;76;178m:[38;2;0;255;0m@ [38;2;0;229;25m% [38;2;0;51;204m.[38;2;0;153;102m+[38;2;0;255;0m@[38;2;0;229;25m%%%[38;2;0;255;0m@[38;2;0;153;102m+[38;2;0;255;0m@[38;2;0;51;204m. [38;2;0;127;127m=[38;2;0;255;0m@[38;2;0;51;204m.[38;2;0;76;178m::[38;2;0;51;204m.[38;2;0;153;102m+[38;2;0;255;0m@[38;2;0;102;153m-[38;2;0;153;102m+[38;2;0;229;25m%[38;2;0;178;76m*[38;2;0;102;153m- [38;2;0;51;204m.[38;2;0;76;178m:[38;2;0;255;0m@[38;2;0;51;204m...       
        [38;2;0;76;178m:[38;2;0;255;0m@[38;2;0;153;102m+ [38;2;0;51;204m.[38;2;0;102;153m-[38;2;0;127;127m=[38;2;0;204;51m##[38;2;0;102;153m-[38;2;0;255;0m@[38;2;0;76;178m::[38;2;0;51;204m..   .[38;2;0;255;0m@[38;2;0;178;76m*[38;2;0;102;153m-[38;2;0;51;204m.[38;2;0;76;178m:[38;2;0;51;204m.[38;2;0;76;178m:[38;2;0;255;0m@[38;2;0;127;127m=[38;2;0;255;0m@ [38;2;0;229;25m% [38;2;0;255;0m@[38;2;0;51;204m.[38;2;0;178;76m*[38;2;0;51;204m.[38;2;0;255;0m@@[38;2;0;76;178m:: [38;2;0;153;102m+  ++[38;2;0;229;25m%  [38;2;0;51;204m.  [38;2;0;76;178m:[38;2;0;51;204m.[38;2;0;255;0m@@[38;2;0;204;51m#[38;2;0;229;25m%[38;2;0;204;51m#[38;2;0;102;153m-[38;2;0;76;178m: :[38;2;0;229;25m%[38;2;0;76;178m:[38;2;0;51;204m.      
        [38;2;0;255;0m@[38;2;0;102;153m-[38;2;0;76;178m: [38;2;0;51;204m.[38;2;0;76;178m:[38;2;0;102;153m-[38;2;0;255;0m@@@[38;2;0;51;204m..       .[38;2;0;255;0m@[38;2;0;204;51m#[38;2;0;127;127m= [38;2;0;51;204m. .  [38;2;0;76;178m:  [38;2;0;178;76m*  * [38;2;0;76;178m:[38;2;0;51;204m. .. [38;2;0;76;178m:[38;2;0;255;0m@[38;2;0;102;153m-[38;2;0;51;204m.       [38;2;0;76;178m:[38;2;0;178;76m*[38;2;0;255;0m@@@[38;2;0;102;153m-[38;2;0;51;204m. .[38;2;0;102;153m-[38;2;0;255;0m@       
        [38;2;0;76;178m:[38;2;0;204;51m#[38;2;0;255;0m@[38;2;0;204;51m#[38;2;0;127;127m=[38;2;0;178;76m*[38;2;0;127;127m=[38;2;0;76;178m:::       [38;2;0;51;204m.. .[38;2;0;153;102m+[38;2;0;255;0m@[38;2;0;102;153m-[38;2;0;204;51m# [38;2;0;51;204m.      .  .   [38;2;0;229;25m%[38;2;0;153;102m+[38;2;0;178;76m*[38;2;0;255;0m@[38;2;0;51;204m.  .     ...[38;2;0;76;178m:[38;2;0;229;25m%[38;2;0;76;178m:[38;2;0;178;76m*[38;2;0;153;102m+[38;2;0;127;127m=[38;2;0;255;0m@@[38;2;0;76;178m: [38;2;0;51;204m.     
        ..[38;2;0;102;153m-[38;2;0;76;178m:[38;2;0;51;204m.[38;2;0;76;178m:::[38;2;0;51;204m.            [38;2;0;76;178m:::[38;2;0;255;0m@[38;2;0;127;127m=[38;2;0;229;25m%[38;2;0;255;0m@[38;2;0;51;204m..   . . [38;2;0;255;0m@@[38;2;0;102;153m-[38;2;0;255;0m@@[38;2;0;51;204m.[38;2;0;76;178m:[38;2;0;51;204m.            [38;2;0;76;178m::::[38;2;0;51;204m.[38;2;0;76;178m::        
                                :[38;2;0;51;204m.[38;2;0;102;153m-[38;2;0;255;0m@[38;2;0;127;127m==[38;2;0;229;25m%[38;2;0;255;0m@@@@[38;2;0;178;76m*[38;2;0;102;153m-[38;2;0;255;0m@@[38;2;0;76;178m::                               
                                  [38;2;0;51;204m.[38;2;0;76;178m::::::::[38;2;0;51;204m.[38;2;0;76;178m::: [38;2;0;51;204m.                               
                                                                                
                                                                                
                                                                                
                                                                                
                                                                                
                                                                                
[0m